000000
000001
000010
000011
000020
000021
000100
000101
000110
000111
000120
000121
000200
000201
000210
000211
000220
000221
000300
000301
000310
000311
000320
000321
001000
001001
001010
001011
001020
001021
001100
001101
001110
001111
001120
001121
001200
001201
001210
001211
001220
001221
001300
001301
001310
001311
001320
001321
002000
002001
002010
002011
002020
002021
002100
002101
002110
002111
002120
002121
002200
002201
002210
002211
002220
002221
002300
002301
002310
002311
002320
002321
010000
010001
010010
010011
010020
010021
010100
010101
010110
010111
010120
010121
010200
010201
010210
010211
010220
010221
010300
010301
010310
010311
010320
010321
011000
011001
011010
011011
011020
011021
011100
011101
011110
011111
011120
011121
011200
011201
011210
011211
011220
011221
011300
011301
011310
011311
011320
011321
012000
012001
012010
012011
012020
012021
012100
012101
012110
012111
012120
012121
012200
012201
012210
012211
012220
012221
012300
012301
012310
012311
012320
012321
020000
020001
020010
020011
020020
020021
020100
020101
020110
020111
020120
020121
020200
020201
020210
020211
020220
020221
020300
020301
020310
020311
020320
020321
021000
021001
021010
021011
021020
021021
021100
021101
021110
021111
021120
021121
021200
021201
021210
021211
021220
021221
021300
021301
021310
021311
021320
021321
022000
022001
022010
022011
022020
022021
022100
022101
022110
022111
022120
022121
022200
022201
022210
022211
022220
022221
022300
022301
022310
022311
022320
022321
100000
100001
100010
100011
100020
100021
100100
100101
100110
100111
100120
100121
100200
100201
100210
100211
100220
100221
100300
100301
100310
100311
100320
100321
101000
101001
101010
101011
101020
101021
101100
101101
101110
101111
101120
101121
101200
101201
101210
101211
101220
101221
101300
101301
101310
101311
101320
101321
102000
102001
102010
102011
102020
102021
102100
102101
102110
102111
102120
102121
102200
102201
102210
102211
102220
102221
102300
102301
102310
102311
102320
102321
110000
110001
110010
110011
110020
110021
110100
110101
110110
110111
110120
110121
110200
110201
110210
110211
110220
110221
110300
110301
110310
110311
110320
110321
111000
111001
111010
111011
111020
111021
111100
111101
111110
111111
111120
111121
111200
111201
111210
111211
111220
111221
111300
111301
111310
111311
111320
111321
112000
112001
112010
112011
112020
112021
112100
112101
112110
112111
112120
112121
112200
112201
112210
112211
112220
112221
112300
112301
112310
112311
112320
112321
120000
120001
120010
120011
120020
120021
120100
120101
120110
120111
120120
120121
120200
120201
120210
120211
120220
120221
120300
120301
120310
120311
120320
120321
121000
121001
121010
121011
121020
121021
121100
121101
121110
121111
121120
121121
121200
121201
121210
121211
121220
121221
121300
121301
121310
121311
121320
121321
122000
122001
122010
122011
122020
122021
122100
122101
122110
122111
122120
122121
122200
122201
122210
122211
122220
122221
122300
122301
122310
122311
122320
122321
200000
200001
200010
200011
200020
200021
200100
200101
200110
200111
200120
200121
200200
200201
200210
200211
200220
200221
200300
200301
200310
200311
200320
200321
201000
201001
201010
201011
201020
201021
201100
201101
201110
201111
201120
201121
201200
201201
201210
201211
201220
201221
201300
201301
201310
201311
201320
201321
202000
202001
202010
202011
202020
202021
202100
202101
202110
202111
202120
202121
202200
202201
202210
202211
202220
202221
202300
202301
202310
202311
202320
202321
210000
210001
210010
210011
210020
210021
210100
210101
210110
210111
210120
210121
210200
210201
210210
210211
210220
210221
210300
210301
210310
210311
210320
210321
211000
211001
211010
211011
211020
211021
211100
211101
211110
211111
211120
211121
211200
211201
211210
211211
211220
211221
211300
211301
211310
211311
211320
211321
212000
212001
212010
212011
212020
212021
212100
212101
212110
212111
212120
212121
212200
212201
212210
212211
212220
212221
212300
212301
212310
212311
212320
212321
220000
220001
220010
220011
220020
220021
220100
220101
220110
220111
220120
220121
220200
220201
220210
220211
220220
220221
220300
220301
220310
220311
220320
220321
221000
221001
221010
221011
221020
221021
221100
221101
221110
221111
221120
221121
221200
221201
221210
221211
221220
221221
221300
221301
221310
221311
221320
221321
222000
222001
222010
222011
222020
222021
222100
222101
222110
222111
222120
222121
222200
222201
222210
222211
222220
222221
222300
222301
222310
222311
222320
222321
300000
300001
300010
300011
300020
300021
300100
300101
300110
300111
300120
300121
300200
300201
300210
300211
300220
300221
300300
300301
300310
300311
300320
300321
301000
301001
301010
301011
301020
301021
301100
301101
301110
301111
301120
301121
301200
301201
301210
301211
301220
301221
301300
301301
301310
301311
301320
301321
302000
302001
302010
302011
302020
302021
302100
302101
302110
302111
302120
302121
302200
302201
302210
302211
302220
302221
302300
302301
302310
302311
302320
302321
310000
310001
310010
310011
310020
310021
310100
310101
310110
310111
310120
310121
310200
310201
310210
310211
310220
310221
310300
310301
310310
310311
310320
310321
311000
311001
311010
311011
311020
311021
311100
311101
311110
311111
311120
311121
311200
311201
311210
311211
311220
311221
311300
311301
311310
311311
311320
311321
312000
312001
312010
312011
312020
312021
312100
312101
312110
312111
312120
312121
312200
312201
312210
312211
312220
312221
312300
312301
312310
312311
312320
312321
320000
320001
320010
320011
320020
320021
320100
320101
320110
320111
320120
320121
320200
320201
320210
320211
320220
320221
320300
320301
320310
320311
320320
320321
321000
321001
321010
321011
321020
321021
321100
321101
321110
321111
321120
321121
321200
321201
321210
321211
321220
321221
321300
321301
321310
321311
321320
321321
322000
322001
322010
322011
322020
322021
322100
322101
322110
322111
322120
322121
322200
322201
322210
322211
322220
322221
322300
322301
322310
322311
322320
322321
400000
400001
400010
400011
400020
400021
400100
400101
400110
400111
400120
400121
400200
400201
400210
400211
400220
400221
400300
400301
400310
400311
400320
400321
401000
401001
401010
401011
401020
401021
401100
401101
401110
401111
401120
401121
401200
401201
401210
401211
401220
401221
401300
401301
401310
401311
401320
401321
402000
402001
402010
402011
402020
402021
402100
402101
402110
402111
402120
402121
402200
402201
402210
402211
402220
402221
402300
402301
402310
402311
402320
402321
410000
410001
410010
410011
410020
410021
410100
410101
410110
410111
410120
410121
410200
410201
410210
410211
410220
410221
410300
410301
410310
410311
410320
410321
411000
411001
411010
411011
411020
411021
411100
411101
411110
411111
411120
411121
411200
411201
411210
411211
411220
411221
411300
411301
411310
411311
411320
411321
412000
412001
412010
412011
412020
412021
412100
412101
412110
412111
412120
412121
412200
412201
412210
412211
412220
412221
412300
412301
412310
412311
412320
412321
420000
420001
420010
420011
420020
420021
420100
420101
420110
420111
420120
420121
420200
420201
420210
420211
420220
420221
420300
420301
420310
420311
420320
420321
421000
421001
421010
421011
421020
421021
421100
421101
421110
421111
421120
421121
421200
421201
421210
421211
421220
421221
421300
421301
421310
421311
421320
421321
422000
422001
422010
422011
422020
422021
422100
422101
422110
422111
422120
422121
422200
422201
422210
422211
422220
422221
422300
422301
422310
422311
422320
422321
500000
500001
500010
500011
500020
500021
500100
500101
500110
500111
500120
500121
500200
500201
500210
500211
500220
500221
500300
500301
500310
500311
500320
500321
501000
501001
501010
501011
501020
501021
501100
501101
501110
501111
501120
501121
501200
501201
501210
501211
501220
501221
501300
501301
501310
501311
501320
501321
502000
502001
502010
502011
502020
502021
502100
502101
502110
502111
502120
502121
502200
502201
502210
502211
502220
502221
502300
502301
502310
502311
502320
502321
510000
510001
510010
510011
510020
510021
510100
510101
510110
510111
510120
510121
510200
510201
510210
510211
510220
510221
510300
510301
510310
510311
510320
510321
511000
511001
511010
511011
511020
511021
511100
511101
511110
511111
511120
511121
511200
511201
511210
511211
511220
511221
511300
511301
511310
511311
511320
511321
512000
512001
512010
512011
512020
512021
512100
512101
512110
512111
512120
512121
512200
512201
512210
512211
512220
512221
512300
512301
512310
512311
512320
512321
520000
520001
520010
520011
520020
520021
520100
520101
520110
520111
520120
520121
520200
520201
520210
520211
520220
520221
520300
520301
520310
520311
520320
520321
521000
521001
521010
521011
521020
521021
521100
521101
521110
521111
521120
521121
521200
521201
521210
521211
521220
521221
521300
521301
521310
521311
521320
521321
522000
522001
522010
522011
522020
522021
522100
522101
522110
522111
522120
522121
522200
522201
522210
522211
522220
522221
522300
522301
522310
522311
522320
522321
600000
600001
600010
600011
600020
600021
600100
600101
600110
600111
600120
600121
600200
600201
600210
600211
600220
600221
600300
600301
600310
600311
600320
600321
601000
601001
601010
601011
601020
601021
601100
601101
601110
601111
601120
601121
601200
601201
601210
601211
601220
601221
601300
601301
601310
601311
601320
601321
602000
602001
602010
602011
602020
602021
602100
602101
602110
602111
602120
602121
602200
602201
602210
602211
602220
602221
602300
602301
602310
602311
602320
602321
610000
610001
610010
610011
610020
610021
610100
610101
610110
610111
610120
610121
610200
610201
610210
610211
610220
610221
610300
610301
610310
610311
610320
610321
611000
611001
611010
611011
611020
611021
611100
611101
611110
611111
611120
611121
611200
611201
611210
611211
611220
611221
611300
611301
611310
611311
611320
611321
612000
612001
612010
612011
612020
612021
612100
612101
612110
612111
612120
612121
612200
612201
612210
612211
612220
612221
612300
612301
612310
612311
612320
612321
620000
620001
620010
620011
620020
620021
620100
620101
620110
620111
620120
620121
620200
620201
620210
620211
620220
620221
620300
620301
620310
620311
620320
620321
621000
621001
621010
621011
621020
621021
621100
621101
621110
621111
621120
621121
621200
621201
621210
621211
621220
621221
621300
621301
621310
621311
621320
621321
622000
622001
622010
622011
622020
622021
622100
622101
622110
622111
622120
622121
622200
622201
622210
622211
622220
622221
622300
622301
622310
622311
622320
622321
700000
700001
700010
700011
700020
700021
700100
700101
700110
700111
700120
700121
700200
700201
700210
700211
700220
700221
700300
700301
700310
700311
700320
700321
701000
701001
701010
701011
701020
701021
701100
701101
701110
701111
701120
701121
701200
701201
701210
701211
701220
701221
701300
701301
701310
701311
701320
701321
702000
702001
702010
702011
702020
702021
702100
702101
702110
702111
702120
702121
702200
702201
702210
702211
702220
702221
702300
702301
702310
702311
702320
702321
710000
710001
710010
710011
710020
710021
710100
710101
710110
710111
710120
710121
710200
710201
710210
710211
710220
710221
710300
710301
710310
710311
710320
710321
711000
711001
711010
711011
711020
711021
711100
711101
711110
711111
711120
711121
711200
711201
711210
711211
711220
711221
711300
711301
711310
711311
711320
711321
712000
712001
712010
712011
712020
712021
712100
712101
712110
712111
712120
712121
712200
712201
712210
712211
712220
712221
712300
712301
712310
712311
712320
712321
720000
720001
720010
720011
720020
720021
720100
720101
720110
720111
720120
720121
720200
720201
720210
720211
720220
720221
720300
720301
720310
720311
720320
720321
721000
721001
721010
721011
721020
721021
721100
721101
721110
721111
721120
721121
721200
721201
721210
721211
721220
721221
721300
721301
721310
721311
721320
721321
722000
722001
722010
722011
722020
722021
722100
722101
722110
722111
722120
722121
722200
722201
722210
722211
722220
722221
722300
722301
722310
722311
722320
722321
